300.00	9.5000001465451E-7
301.00	9.5000001465451E-7
302.00	9.5000001465451E-7
303.00	9.5000001465451E-7
304.00	9.5000001465451E-7
305.00	9.5000001465451E-7
306.00	9.5000001465451E-7
307.00	9.5000001465451E-7
308.00	9.5000001465451E-7
309.00	9.5000001465451E-7
310.00	9.5000001465451E-7
311.00	9.5000001465451E-7
312.00	9.5000001465451E-7
313.00	9.5000001465451E-7
314.00	9.5000001465451E-7
315.00	9.5000001465451E-7
316.00	9.5000001465451E-7
317.00	9.5000001465451E-7
318.00	9.5000001465451E-7
319.00	9.5000001465451E-7
320.00	9.5000001465451E-7
321.00	9.5000001465451E-7
322.00	9.5000001465451E-7
323.00	9.5000001465451E-7
324.00	9.5000001465451E-7
325.00	9.5000001465451E-7
326.00	9.5000001465451E-7
327.00	9.5000001465451E-7
328.00	9.5000001465451E-7
329.00	9.5000001465451E-7
330.00	9.5000001465451E-7
331.00	9.5000001465451E-7
332.00	9.5000001465451E-7
333.00	9.5000001465451E-7
334.00	9.5000001465451E-7
335.00	9.5000001465451E-7
336.00	9.5000001465451E-7
337.00	9.5000001465451E-7
338.00	9.5000001465451E-7
339.00	9.5000001465451E-7
340.00	9.5000001465451E-7
341.00	9.5000001465451E-7
342.00	9.5000001465451E-7
343.00	9.5000001465451E-7
344.00	9.5000001465451E-7
345.00	9.5000001465451E-7
346.00	9.5000001465451E-7
347.00	9.5000001465451E-7
348.00	1.0063999980048E-6
349.00	9.5000001465451E-7
350.00	9.5000001465451E-7
351.00	9.5000001465451E-7
352.00	9.5000001465451E-7
353.00	9.5000001465451E-7
354.00	9.5000001465451E-7
355.00	9.5000001465451E-7
356.00	9.5000001465451E-7
357.00	9.5000001465451E-7
358.00	9.5000001465451E-7
359.00	9.5000001465451E-7
360.00	9.5000001465451E-7
361.00	9.5000001465451E-7
362.00	9.5000001465451E-7
363.00	9.5000001465451E-7
364.00	9.5000001465451E-7
365.00	9.5000001465451E-7
366.00	9.5000001465451E-7
367.00	9.5000001465451E-7
368.00	9.5000001465451E-7
369.00	9.5000001465451E-7
370.00	9.5000001465451E-7
371.00	9.5000001465451E-7
372.00	9.5000001465451E-7
373.00	9.5000001465451E-7
374.00	9.5000001465451E-7
375.00	9.5000001465451E-7
376.00	9.5000001465451E-7
377.00	9.5000001465451E-7
378.00	9.5000001465451E-7
379.00	9.5000001465451E-7
380.00	1.1761500218199E-6
381.00	2.6877698928729E-6
382.00	3.5734699395107E-6
383.00	2.5261199425586E-6
384.00	2.4535499960621E-6
385.00	2.9179000193835E-6
386.00	1.5027200106488E-6
387.00	9.5000001465451E-7
388.00	1.2896299494969E-6
389.00	1.8035000266536E-6
390.00	1.6501700201843E-6
391.00	1.4191299442246E-6
392.00	2.8355700578686E-6
393.00	2.4028199732129E-6
394.00	3.6445001114771E-6
395.00	1.6317200106641E-6
396.00	1.0651300499376E-6
397.00	9.5000001465451E-7
398.00	9.5000001465451E-7
399.00	9.5000001465451E-7
400.00	9.5000001465451E-7
401.00	9.5000001465451E-7
402.00	9.5000001465451E-7
403.00	1.0472599569766E-6
404.00	2.1245100469969E-6
405.00	1.2467900205593E-6
406.00	9.6977203156712E-7
407.00	9.5000001465451E-7
408.00	9.5000001465451E-7
409.00	9.5000001465451E-7
410.00	9.5000001465451E-7
411.00	9.5000001465451E-7
412.00	9.5000001465451E-7
413.00	9.5000001465451E-7
414.00	9.5000001465451E-7
415.00	9.5000001465451E-7
416.00	9.5000001465451E-7
417.00	1.4486099644273E-6
418.00	1.5366699699371E-6
419.00	9.5000001465451E-7
420.00	9.5000001465451E-7
421.00	9.5000001465451E-7
422.00	9.5000001465451E-7
423.00	9.5000001465451E-7
424.00	9.5000001465451E-7
425.00	9.5000001465451E-7
426.00	9.5000001465451E-7
427.00	9.5000001465451E-7
428.00	9.5000001465451E-7
429.00	9.5000001465451E-7
430.00	9.5000001465451E-7
431.00	1.9382900973142E-6
432.00	1.6207700355153E-6
433.00	9.5000001465451E-7
434.00	9.5000001465451E-7
435.00	9.5000001465451E-7
436.00	9.5000001465451E-7
437.00	9.5000001465451E-7
438.00	9.5000001465451E-7
439.00	9.5000001465451E-7
440.00	9.5000001465451E-7
441.00	9.5000001465451E-7
442.00	9.5000001465451E-7
443.00	2.9472000733222E-6
444.00	1.197779965878E-6
445.00	9.5000001465451E-7
446.00	9.5000001465451E-7
447.00	9.5000001465451E-7
448.00	9.5000001465451E-7
449.00	9.5000001465451E-7
450.00	9.5000001465451E-7
451.00	9.5000001465451E-7
452.00	9.5000001465451E-7
453.00	9.5000001465451E-7
454.00	9.5000001465451E-7
455.00	9.5000001465451E-7
456.00	9.5000001465451E-7
457.00	9.5000001465451E-7
458.00	9.5000001465451E-7
459.00	9.5000001465451E-7
460.00	9.5000001465451E-7
461.00	9.5000001465451E-7
462.00	9.5000001465451E-7
463.00	9.5000001465451E-7
464.00	9.5000001465451E-7
465.00	9.5000001465451E-7
466.00	9.5000001465451E-7
467.00	9.5000001465451E-7
468.00	9.5000001465451E-7
469.00	9.5000001465451E-7
470.00	9.5000001465451E-7
471.00	9.5000001465451E-7
472.00	9.5000001465451E-7
473.00	9.5000001465451E-7
474.00	9.5000001465451E-7
475.00	9.5000001465451E-7
476.00	9.5000001465451E-7
477.00	9.5000001465451E-7
478.00	9.5000001465451E-7
479.00	9.5000001465451E-7
480.00	9.5000001465451E-7
481.00	9.5000001465451E-7
482.00	9.5000001465451E-7
483.00	9.5000001465451E-7
484.00	9.5000001465451E-7
485.00	9.5000001465451E-7
486.00	9.5000001465451E-7
487.00	9.5000001465451E-7
488.00	9.5000001465451E-7
489.00	9.5000001465451E-7
490.00	9.5000001465451E-7
491.00	9.5000001465451E-7
492.00	9.5000001465451E-7
493.00	9.5000001465451E-7
494.00	9.5000001465451E-7
495.00	9.5000001465451E-7
496.00	9.5000001465451E-7
497.00	9.5000001465451E-7
498.00	9.5000001465451E-7
499.00	9.5000001465451E-7
500.00	9.5000001465451E-7
501.00	9.5000001465451E-7
502.00	9.5000001465451E-7
503.00	9.5000001465451E-7
504.00	9.5000001465451E-7
505.00	9.5000001465451E-7
506.00	9.5000001465451E-7
507.00	9.5000001465451E-7
508.00	9.5000001465451E-7
509.00	9.5000001465451E-7
510.00	9.5000001465451E-7
511.00	9.5000001465451E-7
512.00	9.5000001465451E-7
513.00	9.5000001465451E-7
514.00	9.5000001465451E-7
515.00	9.5000001465451E-7
516.00	9.5000001465451E-7
517.00	9.5000001465451E-7
518.00	9.5000001465451E-7
519.00	9.5000001465451E-7
520.00	9.5000001465451E-7
521.00	9.5000001465451E-7
522.00	9.5000001465451E-7
523.00	9.5000001465451E-7
524.00	9.5000001465451E-7
525.00	9.5000001465451E-7
526.00	9.5000001465451E-7
527.00	9.5000001465451E-7
528.00	9.5000001465451E-7
529.00	9.5000001465451E-7
530.00	9.5000001465451E-7
531.00	9.5000001465451E-7
532.00	9.5000001465451E-7
533.00	1.093530045182E-6
534.00	1.2765899555234E-6
535.00	9.5000001465451E-7
536.00	9.5000001465451E-7
537.00	1.1085300002378E-6
538.00	1.2076400253136E-6
539.00	9.5000001465451E-7
540.00	9.5000001465451E-7
541.00	9.5000001465451E-7
542.00	9.5000001465451E-7
543.00	9.5000001465451E-7
544.00	9.5000001465451E-7
545.00	9.5000001465451E-7
546.00	9.5000001465451E-7
547.00	9.5000001465451E-7
548.00	9.5000001465451E-7
549.00	9.5000001465451E-7
550.00	9.5000001465451E-7
551.00	9.5000001465451E-7
552.00	9.5000001465451E-7
553.00	9.5000001465451E-7
554.00	9.5000001465451E-7
555.00	9.5000001465451E-7
556.00	9.5000001465451E-7
557.00	9.5000001465451E-7
558.00	9.5000001465451E-7
559.00	9.5000001465451E-7
560.00	9.5000001465451E-7
561.00	9.5000001465451E-7
562.00	9.5000001465451E-7
563.00	9.5000001465451E-7
564.00	9.5000001465451E-7
565.00	9.5000001465451E-7
566.00	9.5000001465451E-7
567.00	9.5000001465451E-7
568.00	9.5000001465451E-7
569.00	9.5000001465451E-7
570.00	9.5000001465451E-7
571.00	9.5000001465451E-7
572.00	9.5000001465451E-7
573.00	9.5000001465451E-7
574.00	9.5000001465451E-7
575.00	9.5000001465451E-7
576.00	9.5000001465451E-7
577.00	9.5000001465451E-7
578.00	9.5000001465451E-7
579.00	9.5000001465451E-7
580.00	9.5000001465451E-7
581.00	9.5000001465451E-7
582.00	9.5000001465451E-7
583.00	9.5000001465451E-7
584.00	9.5000001465451E-7
585.00	9.5000001465451E-7
586.00	9.5000001465451E-7
587.00	9.5000001465451E-7
588.00	9.5000001465451E-7
589.00	9.5000001465451E-7
590.00	9.5000001465451E-7
591.00	9.5000001465451E-7
592.00	9.5000001465451E-7
593.00	9.5000001465451E-7
594.00	9.5000001465451E-7
595.00	9.5000001465451E-7
596.00	9.5000001465451E-7
597.00	9.5000001465451E-7
598.00	9.5000001465451E-7
599.00	9.5000001465451E-7
600.00	9.5000001465451E-7
601.00	9.5000001465451E-7
602.00	9.5000001465451E-7
603.00	9.5000001465451E-7
604.00	9.5000001465451E-7
605.00	9.5000001465451E-7
606.00	9.5000001465451E-7
607.00	9.5000001465451E-7
608.00	9.5000001465451E-7
609.00	9.5000001465451E-7
610.00	9.5000001465451E-7
611.00	9.5000001465451E-7
612.00	9.5000001465451E-7
613.00	9.5000001465451E-7
614.00	9.5000001465451E-7
615.00	9.5000001465451E-7
616.00	1.4528700376104E-6
617.00	5.0961098168045E-6
618.00	2.3144200895331E-5
619.00	0.00012823499855585
620.00	0.00086587999248877
621.00	0.0087130004540086
622.00	0.11338499933481
623.00	0.61924201250076
624.00	0.95627301931381
625.00	0.97155600786209
626.00	0.99098402261734
627.00	0.99058598279953
628.00	0.99086898565292
629.00	0.99416601657867
630.00	0.99426001310349
631.00	0.99571198225021
632.00	0.99414902925491
633.00	0.9904659986496
634.00	0.98454600572586
635.00	0.98054301738739
636.00	0.97903102636337
637.00	0.98149400949478
638.00	0.98137497901917
639.00	0.98424202203751
640.00	0.98714601993561
641.00	0.99323797225952
642.00	0.99341398477554
643.00	0.98853999376297
644.00	0.98426401615143
645.00	0.98158699274063
646.00	0.98664301633835
647.00	0.98896098136902
648.00	0.98683202266693
649.00	0.9876030087471
650.00	0.98630702495575
651.00	0.98508298397064
652.00	0.98337298631668
653.00	0.90029501914978
654.00	0.35053399205208
655.00	0.034436900168657
656.00	0.0063076298683882
657.00	0.00084211101057008
658.00	0.00015172400162555
659.00	3.4995500755031E-5
660.00	9.0920802904293E-6
661.00	2.7594298899203E-6
662.00	9.5000001465451E-7
663.00	9.5000001465451E-7
664.00	9.5000001465451E-7
665.00	9.5000001465451E-7
666.00	9.5000001465451E-7
667.00	9.5000001465451E-7
668.00	9.5000001465451E-7
669.00	9.5000001465451E-7
670.00	9.5000001465451E-7
671.00	9.5000001465451E-7
672.00	9.5000001465451E-7
673.00	9.5000001465451E-7
674.00	9.5000001465451E-7
675.00	9.5000001465451E-7
676.00	9.5000001465451E-7
677.00	9.5000001465451E-7
678.00	9.5000001465451E-7
679.00	9.5000001465451E-7
680.00	9.5000001465451E-7
681.00	9.5000001465451E-7
682.00	9.5000001465451E-7
683.00	9.5000001465451E-7
684.00	9.5000001465451E-7
685.00	9.5000001465451E-7
686.00	9.5000001465451E-7
687.00	9.5000001465451E-7
688.00	9.5000001465451E-7
689.00	9.5000001465451E-7
690.00	9.5000001465451E-7
691.00	9.5000001465451E-7
692.00	9.5000001465451E-7
693.00	9.5000001465451E-7
694.00	9.5000001465451E-7
695.00	9.5000001465451E-7
696.00	9.5000001465451E-7
697.00	9.5000001465451E-7
698.00	9.5000001465451E-7
699.00	9.5000001465451E-7
700.00	9.5000001465451E-7
701.00	9.5000001465451E-7
702.00	9.5000001465451E-7
703.00	9.5000001465451E-7
704.00	9.5000001465451E-7
705.00	9.5000001465451E-7
706.00	9.5000001465451E-7
707.00	9.5000001465451E-7
708.00	9.5000001465451E-7
709.00	9.5000001465451E-7
710.00	9.5000001465451E-7
711.00	9.5000001465451E-7
712.00	9.5000001465451E-7
713.00	9.5000001465451E-7
714.00	9.5000001465451E-7
715.00	9.5000001465451E-7
716.00	9.5000001465451E-7
717.00	9.5000001465451E-7
718.00	9.5000001465451E-7
719.00	9.5000001465451E-7
720.00	9.5000001465451E-7
721.00	9.5000001465451E-7
722.00	9.5000001465451E-7
723.00	9.5000001465451E-7
724.00	9.5000001465451E-7
725.00	9.5000001465451E-7
726.00	9.5000001465451E-7
727.00	9.5000001465451E-7
728.00	9.5000001465451E-7
729.00	9.5000001465451E-7
730.00	9.5000001465451E-7
731.00	9.5000001465451E-7
732.00	9.5000001465451E-7
733.00	9.5000001465451E-7
734.00	9.5000001465451E-7
735.00	9.5000001465451E-7
736.00	9.5000001465451E-7
737.00	9.5000001465451E-7
738.00	9.5000001465451E-7
739.00	9.5000001465451E-7
740.00	9.5000001465451E-7
741.00	9.5000001465451E-7
742.00	9.5000001465451E-7
743.00	9.5000001465451E-7
744.00	9.5000001465451E-7
745.00	9.5000001465451E-7
746.00	9.5000001465451E-7
747.00	9.5000001465451E-7
748.00	9.5000001465451E-7
749.00	9.5000001465451E-7
750.00	9.5000001465451E-7
751.00	9.5000001465451E-7
752.00	9.5000001465451E-7
753.00	9.5000001465451E-7
754.00	9.5000001465451E-7
755.00	9.5000001465451E-7
756.00	9.5000001465451E-7
757.00	9.5000001465451E-7
758.00	9.5000001465451E-7
759.00	9.5000001465451E-7
760.00	9.5000001465451E-7
761.00	9.5000001465451E-7
762.00	9.5000001465451E-7
763.00	9.5000001465451E-7
764.00	9.5000001465451E-7
765.00	9.5000001465451E-7
766.00	9.5000001465451E-7
767.00	9.5000001465451E-7
768.00	9.5000001465451E-7
769.00	9.5000001465451E-7
770.00	9.5000001465451E-7
771.00	9.5000001465451E-7
772.00	9.5000001465451E-7
773.00	9.5000001465451E-7
774.00	9.5000001465451E-7
775.00	9.5000001465451E-7
776.00	9.5000001465451E-7
777.00	9.5000001465451E-7
778.00	9.5000001465451E-7
779.00	9.5000001465451E-7
780.00	1.1709199725374E-6
781.00	2.0256200059521E-6
782.00	1.5865999785092E-6
783.00	1.2353999636616E-6
784.00	1.8634699472386E-6
785.00	9.5000001465451E-7
786.00	1.1366900025678E-6
787.00	9.5000001465451E-7
788.00	9.5000001465451E-7
789.00	1.3684599480257E-6
790.00	9.5000001465451E-7
791.00	9.5000001465451E-7
792.00	9.5000001465451E-7
793.00	1.2888899618702E-6
794.00	1.4855299923511E-6
795.00	9.5000001465451E-7
796.00	9.5000001465451E-7
797.00	9.8751399946195E-7
798.00	1.0981100331264E-6
799.00	9.5000001465451E-7
800.00	2.0954801129847E-6
801.00	2.0482500531216E-6
802.00	2.5231199742848E-6
803.00	2.9352900128288E-6
804.00	2.8788699637516E-6
805.00	3.6729300063598E-6
806.00	3.3343399081787E-6
807.00	3.5938999189966E-6
808.00	2.8998199468333E-6
809.00	2.348280077058E-6
810.00	1.6674199514455E-6
811.00	1.2045800303895E-6
812.00	1.3359000377022E-6
813.00	9.5000001465451E-7
814.00	9.5000001465451E-7
815.00	1.0251000048811E-6
816.00	9.5000001465451E-7
817.00	9.5000001465451E-7
818.00	9.5000001465451E-7
819.00	9.5000001465451E-7
820.00	9.5000001465451E-7
821.00	9.5000001465451E-7
822.00	1.2877100061814E-6
823.00	1.3182800557843E-6
824.00	9.8892394362338E-7
825.00	2.2708300093655E-6
826.00	9.5000001465451E-7
827.00	1.4720100125487E-6
828.00	1.74676995357E-6
829.00	1.1521699434525E-6
830.00	3.2361599551223E-6
831.00	2.8263800686545E-6
832.00	5.3105700317246E-6
833.00	2.7511100597621E-6
834.00	3.2843099688762E-6
835.00	2.3247300759976E-6
836.00	3.3112798973889E-6
837.00	1.8527899783294E-6
838.00	1.449820047128E-6
839.00	1.0370899872214E-6
840.00	9.5000001465451E-7
841.00	1.948440058186E-6
842.00	9.5000001465451E-7
843.00	9.7237898444291E-7
844.00	1.4673900068374E-6
845.00	9.5000001465451E-7
846.00	9.5000001465451E-7
847.00	9.5000001465451E-7
848.00	9.5000001465451E-7
849.00	1.563589989928E-6
850.00	9.5000001465451E-7
851.00	9.5000001465451E-7
852.00	9.5000001465451E-7
853.00	9.5000001465451E-7
854.00	9.5000001465451E-7
855.00	9.5000001465451E-7
856.00	9.5000001465451E-7
857.00	9.5000001465451E-7
858.00	9.5000001465451E-7
859.00	9.5000001465451E-7
860.00	9.5000001465451E-7
861.00	9.5000001465451E-7
862.00	9.5000001465451E-7
863.00	9.5000001465451E-7
864.00	9.5000001465451E-7
865.00	9.5000001465451E-7
866.00	9.5000001465451E-7
867.00	9.5000001465451E-7
868.00	9.5000001465451E-7
869.00	9.5000001465451E-7
870.00	9.5000001465451E-7
871.00	9.5000001465451E-7
872.00	9.5000001465451E-7
873.00	9.5000001465451E-7
874.00	9.5000001465451E-7
875.00	9.5000001465451E-7
876.00	9.5000001465451E-7
877.00	9.5000001465451E-7
878.00	9.5000001465451E-7
879.00	9.5000001465451E-7
880.00	9.5000001465451E-7
881.00	9.5000001465451E-7
882.00	9.5000001465451E-7
883.00	9.5000001465451E-7
884.00	9.5000001465451E-7
885.00	9.5000001465451E-7
886.00	9.5000001465451E-7
887.00	9.5000001465451E-7
888.00	9.5000001465451E-7
889.00	9.5000001465451E-7
890.00	9.5000001465451E-7
891.00	9.5000001465451E-7
892.00	9.5000001465451E-7
893.00	9.5000001465451E-7
894.00	9.5000001465451E-7
895.00	9.5000001465451E-7
896.00	9.5000001465451E-7
897.00	9.5000001465451E-7
898.00	9.5000001465451E-7
899.00	9.5000001465451E-7
900.00	9.5000001465451E-7
901.00	9.5000001465451E-7
902.00	9.5000001465451E-7
903.00	9.5000001465451E-7
904.00	9.5000001465451E-7
905.00	9.5000001465451E-7
906.00	9.5000001465451E-7
907.00	9.5000001465451E-7
908.00	9.5000001465451E-7
909.00	9.5000001465451E-7
910.00	9.5000001465451E-7
911.00	9.5000001465451E-7
912.00	9.5000001465451E-7
913.00	9.5000001465451E-7
914.00	9.5000001465451E-7
915.00	9.5000001465451E-7
916.00	9.5000001465451E-7
917.00	9.5000001465451E-7
918.00	9.5000001465451E-7
919.00	9.5000001465451E-7
920.00	9.5000001465451E-7
921.00	9.5000001465451E-7
922.00	9.5000001465451E-7
923.00	9.5000001465451E-7
924.00	9.5000001465451E-7
925.00	9.5000001465451E-7
926.00	9.5000001465451E-7
927.00	9.5000001465451E-7
928.00	9.5000001465451E-7
929.00	9.5000001465451E-7
930.00	9.5000001465451E-7
931.00	9.5000001465451E-7
932.00	9.5000001465451E-7
933.00	9.5000001465451E-7
934.00	9.5000001465451E-7
935.00	9.5000001465451E-7
936.00	9.5000001465451E-7
937.00	9.5000001465451E-7
938.00	1.1991600104011E-6
939.00	1.7107099665736E-6
940.00	1.6607400539215E-6
941.00	1.4017399507793E-6
942.00	1.106989998334E-6
943.00	9.5000001465451E-7
944.00	9.5000001465451E-7
945.00	9.5000001465451E-7
946.00	9.5000001465451E-7
947.00	9.5000001465451E-7
948.00	9.5000001465451E-7
949.00	9.5000001465451E-7
950.00	9.5000001465451E-7
951.00	9.5000001465451E-7
952.00	9.5000001465451E-7
953.00	9.5000001465451E-7
954.00	9.5000001465451E-7
955.00	9.5000001465451E-7
956.00	9.5000001465451E-7
957.00	9.5000001465451E-7
958.00	9.5000001465451E-7
959.00	9.5000001465451E-7
960.00	9.5000001465451E-7
961.00	9.5000001465451E-7
962.00	9.5000001465451E-7
963.00	9.5000001465451E-7
964.00	9.5000001465451E-7
965.00	9.5000001465451E-7
966.00	9.5000001465451E-7
967.00	9.5000001465451E-7
968.00	9.5000001465451E-7
969.00	9.5000001465451E-7
970.00	9.5000001465451E-7
971.00	9.5000001465451E-7
972.00	9.5000001465451E-7
973.00	1.6180599686777E-6
974.00	2.2201700176083E-6
975.00	2.9930199616501E-6
976.00	3.4575500649225E-6
977.00	3.0673500077683E-6
978.00	2.6885500119533E-6
979.00	1.9689700820891E-6
980.00	1.4941100516808E-6
981.00	1.0018000011769E-6
982.00	9.5000001465451E-7
983.00	9.5000001465451E-7
984.00	9.5000001465451E-7
985.00	9.5000001465451E-7
986.00	9.5000001465451E-7
987.00	9.5000001465451E-7
988.00	9.5000001465451E-7
989.00	9.5000001465451E-7
990.00	9.5000001465451E-7
991.00	9.5000001465451E-7
992.00	9.5000001465451E-7
993.00	9.5000001465451E-7
994.00	9.5000001465451E-7
995.00	9.5000001465451E-7
996.00	9.5000001465451E-7
997.00	9.5000001465451E-7
998.00	9.5000001465451E-7
999.00	9.5000001465451E-7
1000.00	9.5000001465451E-7
1001.00	9.5000001465451E-7
1002.00	9.5000001465451E-7
1003.00	9.5000001465451E-7
1004.00	9.5000001465451E-7
1005.00	9.5000001465451E-7
1006.00	9.5000001465451E-7
1007.00	9.5000001465451E-7
1008.00	9.5000001465451E-7
1009.00	9.5000001465451E-7
1010.00	9.5000001465451E-7
1011.00	9.5000001465451E-7
1012.00	9.5000001465451E-7
1013.00	9.5000001465451E-7
1014.00	9.5000001465451E-7
1015.00	9.5000001465451E-7
1016.00	9.5000001465451E-7
1017.00	1.3342399824978E-6
1018.00	1.5270900348696E-6
1019.00	1.7025199667842E-6
1020.00	2.2942199393583E-6
1021.00	3.088880021096E-6
1022.00	4.0500199247617E-6
1023.00	5.8213900047122E-6
1024.00	7.9361498137587E-6
1025.00	1.0661499800335E-5
1026.00	1.3945899809187E-5
1027.00	1.6617099390714E-5
1028.00	1.7220299923792E-5
1029.00	1.6199299352593E-5
1030.00	1.3708399819734E-5
1031.00	1.0886299605772E-5
1032.00	8.4459397839964E-6
1033.00	6.8614599513239E-6
1034.00	5.449190211948E-6
1035.00	4.6324598770298E-6
1036.00	4.189309947833E-6
1037.00	3.6327101042843E-6
1038.00	3.4941999729199E-6
1039.00	3.213009904357E-6
1040.00	3.0914400213078E-6
1041.00	2.7607900392468E-6
1042.00	2.9796999569953E-6
1043.00	3.0590699680033E-6
1044.00	3.1252400276571E-6
1045.00	3.1533600122202E-6
1046.00	3.4105898976122E-6
1047.00	3.7327199606807E-6
1048.00	3.7892300497333E-6
1049.00	3.9478900362155E-6
1050.00	4.2663900785556E-6
1051.00	5.0276898946322E-6
1052.00	5.6015901463979E-6
1053.00	5.9901099120907E-6
1054.00	6.8583799475164E-6
1055.00	7.7731301644235E-6
1056.00	8.5708297774545E-6
1057.00	9.7070496849483E-6
1058.00	1.079320009012E-5
1059.00	1.2130900358898E-5
1060.00	1.3533899618778E-5
1061.00	1.4912399819877E-5
1062.00	1.671830068517E-5
1063.00	1.8092199752573E-5
1064.00	1.9842100300593E-5
1065.00	2.1447200197144E-5
1066.00	2.3343600332737E-5
1067.00	2.5201599783031E-5
1068.00	2.7143199986313E-5
1069.00	2.946909989987E-5
1070.00	3.2012998417486E-5
1071.00	3.5134700738126E-5
1072.00	3.8487898564199E-5
1073.00	4.2915798985632E-5
1074.00	4.8079698899528E-5
1075.00	5.4428099247161E-5
1076.00	6.2599203374702E-5
1077.00	7.2658396675251E-5
1078.00	8.5828396549914E-5
1079.00	0.00010287499753758
1080.00	0.00012500700540841
1081.00	0.0001548379950691
1082.00	0.0001936780026881
1083.00	0.00024404900614172
1084.00	0.00031154000316747
1085.00	0.00039153100806288
1086.00	0.00048196001444012
1087.00	0.00057124299928546
1088.00	0.00064404000295326
1089.00	0.00068625301355496
1090.00	0.00068819499574602
1091.00	0.00065717397956178
1092.00	0.0006079520098865
1093.00	0.00055232900194824
1094.00	0.0004970749723725
1095.00	0.00045258499449119
1096.00	0.00041735501145013
1097.00	0.00038881998625584
1098.00	0.00036912399809808
1099.00	0.00035576798836701
1100.00	0.00034859799779952
