350.00	0.0077824001200497
351.00	0.010197999887168
352.00	0.014272400178015
353.00	0.023797100409865
354.00	0.039401400834322
355.00	0.059233900159597
356.00	0.086199000477791
357.00	0.11746899783611
358.00	0.1453890055418
359.00	0.15739099681377
360.00	0.15094000101089
361.00	0.15413799881935
362.00	0.18858900666237
363.00	0.23131799697876
364.00	0.2632170021534
365.00	0.29557999968529
366.00	0.30431801080704
367.00	0.28203499317169
368.00	0.29732799530029
369.00	0.35812199115753
370.00	0.42097800970078
371.00	0.45431300997734
372.00	0.42633101344109
373.00	0.31451499462128
374.00	0.20856000483036
375.00	0.20424699783325
376.00	0.31091099977493
377.00	0.45624598860741
378.00	0.53363698720932
379.00	0.52402400970459
380.00	0.44803699851036
381.00	0.34352299571037
382.00	0.28436699509621
383.00	0.33672198653221
384.00	0.48447999358177
385.00	0.60634100437164
386.00	0.63107198476791
387.00	0.63307899236679
388.00	0.63200199604034
389.00	0.64742302894592
390.00	0.66579502820969
391.00	0.61208099126816
392.00	0.46915999054909
393.00	0.34460800886154
394.00	0.31577700376511
395.00	0.33405500650406
396.00	0.3343819975853
397.00	0.30326399207115
398.00	0.26665499806404
399.00	0.29941800236702
400.00	0.37059000134468
401.00	0.33542901277542
402.00	0.20422600209713
403.00	0.10853300243616
404.00	0.10520599782467
405.00	0.18527500331402
406.00	0.29564198851585
407.00	0.31148201227188
408.00	0.2199040055275
409.00	0.13865299522877
410.00	0.14343400299549
411.00	0.20812800526619
412.00	0.23371900618076
413.00	0.17193700373173
414.00	0.091794103384018
415.00	0.052067298442125
416.00	0.043832801282406
417.00	0.059366699308157
418.00	0.11260300129652
419.00	0.22236900031567
420.00	0.35109600424767
421.00	0.42561599612236
422.00	0.43065398931503
423.00	0.38693800568581
424.00	0.34739598631859
425.00	0.35235300660133
426.00	0.39525100588799
427.00	0.43913099169731
428.00	0.45048600435257
429.00	0.42500498890877
430.00	0.39264398813248
431.00	0.38948801159859
432.00	0.39917099475861
433.00	0.38931798934937
434.00	0.37700501084328
435.00	0.35771501064301
436.00	0.29872500896454
437.00	0.23478500545025
438.00	0.2124519944191
439.00	0.24663400650024
440.00	0.30913999676704
441.00	0.32323598861694
442.00	0.25396299362183
443.00	0.16235600411892
444.00	0.1069890037179
445.00	0.0964625030756
446.00	0.13541300594807
447.00	0.20915600657463
448.00	0.26619800925255
449.00	0.23522000014782
450.00	0.1343239992857
451.00	0.058501701802015
452.00	0.027867000550032
453.00	0.017926199361682
454.00	0.014363300055265
455.00	0.014120399951935
456.00	0.016836000606418
457.00	0.025851299986243
458.00	0.045974001288414
459.00	0.072676800191402
460.00	0.078185997903347
461.00	0.054848100990057
462.00	0.028342500329018
463.00	0.015216699801385
464.00	0.010834299959242
465.00	0.0093340296298265
466.00	0.0095632495358586
467.00	0.011452999897301
468.00	0.015322799794376
469.00	0.02085779979825
470.00	0.025951100513339
471.00	0.027648100629449
472.00	0.025402100756764
473.00	0.022422900423408
474.00	0.02144099958241
475.00	0.023654900491238
476.00	0.029861299321055
477.00	0.038406301289797
478.00	0.043691698461771
479.00	0.041827600449324
480.00	0.035884998738766
481.00	0.030329199507833
482.00	0.028350999578834
483.00	0.028604900464416
484.00	0.028079299256206
485.00	0.023779800161719
486.00	0.016590900719166
487.00	0.010529800318182
488.00	0.0064189499244094
489.00	0.004331230185926
490.00	0.0032853200100362
491.00	0.0030472900252789
492.00	0.0034404499456286
493.00	0.0051587899215519
494.00	0.0089653097093105
495.00	0.014809699729085
496.00	0.0186767000705
497.00	0.015093900263309
498.00	0.0080329002812505
499.00	0.003713269950822
500.00	0.0020948199089617
501.00	0.001540289958939
502.00	0.0013698999537155
503.00	0.0013980499934405
504.00	0.0016397499712184
505.00	0.0020777399186045
506.00	0.0026658300776035
507.00	0.0031305700540543
508.00	0.0030238500330597
509.00	0.0024775799829513
510.00	0.0018063699826598
511.00	0.0013490800047293
512.00	0.0011050200555474
513.00	0.00099978502839804
514.00	0.0010650999611244
515.00	0.0013474799925461
516.00	0.0023706599604338
517.00	0.0046079498715699
518.00	0.0087077599018812
519.00	0.012759800069034
520.00	0.011095100082457
521.00	0.006071109790355
522.00	0.002677780110389
523.00	0.0013591899769381
524.00	0.00089008902432397
525.00	0.00072656100383028
526.00	0.00064547697547823
527.00	0.00063544197473675
528.00	0.00072331202682108
529.00	0.00090032501611859
530.00	0.0013117500348017
531.00	0.0022656300570816
532.00	0.004284449853003
533.00	0.0071356100961566
534.00	0.0090457303449512
535.00	0.0082162702456117
536.00	0.0055366498418152
537.00	0.0034273399505764
538.00	0.0022837300784886
539.00	0.0018336500506848
540.00	0.0016803400358185
541.00	0.0017914499621838
542.00	0.002132159890607
543.00	0.0029355899896473
544.00	0.0043868198990822
545.00	0.0063792699947953
546.00	0.0085708200931549
547.00	0.0091969901695848
548.00	0.0075370301492512
549.00	0.0051931599155068
550.00	0.0035500600934029
551.00	0.0026510399766266
552.00	0.0022453099954873
553.00	0.0020924599375576
554.00	0.0021190799307078
555.00	0.002409250009805
556.00	0.0029965699650347
557.00	0.0039424197748303
558.00	0.0053568598814309
559.00	0.0070796399377286
560.00	0.0085371695458889
561.00	0.0088395997881889
562.00	0.0078224800527096
563.00	0.0062811002135277
564.00	0.0049292901530862
565.00	0.00407277001068
566.00	0.003631120081991
567.00	0.0034297900274396
568.00	0.0035480801016092
569.00	0.00395045010373
570.00	0.0047658300027251
571.00	0.0061313798651099
572.00	0.008532389998436
573.00	0.012804199941456
574.00	0.019068099558353
575.00	0.026302700862288
576.00	0.03036979958415
577.00	0.028098799288273
578.00	0.022021699696779
579.00	0.016312599182129
580.00	0.012078199535608
581.00	0.0097768399864435
582.00	0.0083787404000759
583.00	0.007670400198549
584.00	0.0074143698439002
585.00	0.0074956598691642
586.00	0.0078468797728419
587.00	0.0084711303934455
588.00	0.0093191498890519
589.00	0.010459099896252
590.00	0.011793999932706
591.00	0.013380100019276
592.00	0.014946999959648
593.00	0.016366699710488
594.00	0.017547700554132
595.00	0.018474800512195
596.00	0.019146399572492
597.00	0.019810400903225
598.00	0.020646499469876
599.00	0.021811300888658
600.00	0.023472299799323
601.00	0.025973400101066
602.00	0.030744999647141
603.00	0.035427801311016
604.00	0.04319230094552
605.00	0.0546879991889
606.00	0.072209797799587
607.00	0.098182201385498
608.00	0.13753299415112
609.00	0.19780600070953
610.00	0.28808400034904
611.00	0.41391000151634
612.00	0.58351999521255
613.00	0.76826000213623
614.00	0.89974200725555
615.00	0.9502819776535
616.00	0.95127898454666
617.00	0.94594597816467
618.00	0.94613498449326
619.00	0.95025497674942
620.00	0.95576000213623
621.00	0.96196699142456
622.00	0.96756201982498
623.00	0.97299599647522
624.00	0.97710299491882
625.00	0.98031198978424
626.00	0.98138701915741
627.00	0.97971898317337
628.00	0.97678697109222
629.00	0.97242599725723
630.00	0.96916902065277
631.00	0.96773302555084
632.00	0.9685959815979
633.00	0.97246599197388
634.00	0.97650301456451
635.00	0.9796040058136
636.00	0.98214900493622
637.00	0.98282301425934
638.00	0.9829049706459
639.00	0.98127001523972
640.00	0.97807198762894
641.00	0.97588402032852
642.00	0.9745579957962
643.00	0.97394800186157
644.00	0.97447401285172
645.00	0.97529602050781
646.00	0.97758501768112
647.00	0.98032599687576
648.00	0.98191100358963
649.00	0.98308700323105
650.00	0.98295199871063
651.00	0.98207199573517
652.00	0.98082798719406
653.00	0.9798229932785
654.00	0.97921097278595
655.00	0.97905099391937
656.00	0.98058199882507
657.00	0.98206102848053
658.00	0.98307698965073
659.00	0.98395299911499
660.00	0.98531597852707
661.00	0.98518401384354
662.00	0.98238497972488
663.00	0.98002797365189
664.00	0.97722798585892
665.00	0.97498202323914
666.00	0.97344297170639
667.00	0.97276997566223
668.00	0.97340202331543
669.00	0.97492998838425
670.00	0.97751301527023
671.00	0.98050701618195
672.00	0.98297601938248
673.00	0.98410397768021
674.00	0.98462700843811
675.00	0.98375302553177
676.00	0.9814869761467
677.00	0.97822600603104
678.00	0.97513401508331
679.00	0.9723299741745
680.00	0.9704629778862
681.00	0.97020602226257
682.00	0.97162699699402
683.00	0.97361701726913
684.00	0.97619301080704
685.00	0.97983902692795
686.00	0.9821839928627
687.00	0.98373401165009
688.00	0.9841520190239
689.00	0.98224902153015
690.00	0.97873902320862
691.00	0.97429698705673
692.00	0.97060698270798
693.00	0.96779197454453
694.00	0.9680449962616
695.00	0.9707909822464
696.00	0.97622501850128
697.00	0.98246699571609
698.00	0.98543101549149
699.00	0.97993499040604
700.00	0.96216702461243
701.00	0.92621701955795
702.00	0.87452399730682
703.00	0.80871897935867
704.00	0.73538798093796
705.00	0.66800999641418
706.00	0.60492599010468
707.00	0.55135101079941
708.00	0.50592601299286
709.00	0.46566098928452
710.00	0.42902299761772
711.00	0.39724600315094
712.00	0.36814901232719
713.00	0.34315800666809
714.00	0.32102599740028
715.00	0.30144599080086
716.00	0.28434199094772
717.00	0.26976600289345
718.00	0.25666201114655
719.00	0.24547299742699
720.00	0.23442199826241
721.00	0.22481599450111
722.00	0.2148080021143
723.00	0.20505400002003
724.00	0.19462199509144
725.00	0.1836010068655
726.00	0.17156399786472
727.00	0.15808400511742
728.00	0.14439399540424
729.00	0.1294379979372
730.00	0.1149670034647
731.00	0.10064300149679
732.00	0.087913401424885
733.00	0.075725100934505
734.00	0.065297998487949
735.00	0.055680200457573
736.00	0.04792869836092
737.00	0.041067000478506
738.00	0.035275001078844
739.00	0.030315099284053
740.00	0.026426600292325
741.00	0.023027399554849
742.00	0.020300500094891
743.00	0.01787449978292
744.00	0.016032800078392
745.00	0.014406800270081
746.00	0.013088899664581
747.00	0.01196669973433
748.00	0.011031599715352
749.00	0.010234099812806
750.00	0.009581740014255
